0.8521072964597505, 0
0.8551434900764321, 0
0.8188954550273818, 1
0.8038700376160586, 1
0.8784649857653347, 0
0.8731354674418177, 1
0.8727533884017364, 0
0.8754938080981786, 0
0.8007734532874171, 0
0.8880000758812867, 0
0.8552990680947087, 1
0.8812200421153685, 1
0.8800459599952196, 1
0.8787141966829501, 1
0.8869443516694093, 0
0.8441490623101364, 0
0.856550197299332, 0
0.8839057671498882, 1
0.870962174832564, 1
0.8776660378996838, 1
0.8943715680601059, 1
0.8382497963410348, 0
0.887530697685474, 0
0.8461875810178127, 1
0.8579383012768941, 1
0.8835553719428968, 1
0.8802552111621734, 0
0.8604094118072634, 0
0.890828384076733, 0
0.8453664945460257, 1
0.856550197299332, 0
0.8353083456665549, 0
0.8878280563743366, 1
0.87685838137238, 1
0.8710463649174169, 0
0.8754668182332682, 0
0.8337869899637887, 1
0.886650185241782, 0
0.86951521373077, 0
0.8553558624582199, 1
0.8900211396412809, 0
0.8635452408963673, 0
0.8679665262188623, 1
0.8840392197446207, 1
0.887801251709534, 1
0.8414144588312641, 1
0.887001562721174, 0
0.8473738105736257, 1
0.8751386407621007, 1
0.8468101388184451, 1
0.8695625898963673, 1
0.84502465097508, 1
0.894160097371942, 0
0.8852296530718563, 0
0.8840427319752967, 0
0.8588939562871316, 0
0.8338938084465373, 1
0.8634989070292357, 1
0.8921307837718851, 1
0.8787132749460116, 0
0.8288606712103841, 1
0.8401467649737148, 1
0.7975321012157731, 0
0.8840862174254801, 1
0.8833664019220112, 1
0.8906895349933592, 1
0.8410554622996383, 1
0.8403361127900999, 0
0.8694983282538504, 0
0.8730598140739505, 1
0.8705470593716673, 1
0.8347653570440576, 1
0.8524842227503464, 0
0.8913134319304122, 0
0.831001841845417, 0
0.8917596242067586, 0
0.8807007432905103, 1
0.8859304994664606, 1
0.8191245780683495, 0
0.8673539906998096, 1
0.8866663591086724, 1
0.8658385491495615, 1
0.8891666427494562, 0
0.8815487612725382, 0
0.8842288681970081, 0
0.8766913404970452, 1
0.8879695092663072, 0
0.8761875122614792, 1
0.8786750679867786, 0
0.8479036746212172, 0
0.8434425199604861, 1
0.8869443516694093, 0
0.8777658611723794, 0
0.8699734746517717, 0
0.8709165588903202, 1
0.8944959698235396, 0
0.8877935388263455, 1
0.8739407772760968, 0
0.8400150324881835, 1
0.8731196616835739, 1
0.8288606712103841, 1
0.8709977686732306, 1
0.8809968480084042, 0
0.8798254994913355, 0
0.8887652058419374, 1
0.8722982939753305, 0
0.8750953570822638, 0
0.8836917084378413, 0
0.8693214146393989, 0
0.894251895279504, 1
0.8788674860244015, 0
0.8244025380796566, 0
0.8558950936549, 0
0.8961301296904917, 0
0.8539927227957189, 1
0.8931066319521126, 1
0.8829335233038245, 0
0.8854740065100856, 1
0.8862270672368772, 0
0.8515614402795704, 1
0.8727192194898342, 0
0.8904897408895719, 1
0.8553099705993724, 1
0.8477783272108081, 0
0.888582077877834, 1
0.8677268337221872, 0
0.8664026297027094, 1
0.888723773348807, 0
0.8502141120709048, 1
0.8460159306782004, 0
0.8551434900764321, 0
0.8159589379710414, 0
0.8497039702017259, 1
0.8845685838512782, 1
0.868989959806682, 0
0.8614265043461389, 1
0.8849043125294508, 1
0.8897983923847551, 0
0.8624431339648546, 1
0.8314580479225043, 1
0.868081916759417, 1
0.8039227738602348, 0
0.8280922462646131, 0
0.8698962646693229, 1
0.8819374027041752, 1
0.8799548130510205, 0
0.879540464399375, 0
0.8843388953709702, 0
0.8389913737226965, 0
0.8389913737226965, 0
0.8664693329992222, 0
0.8228203899974366, 0
0.9066103742255711, 1
0.8822942038603407, 1
0.8139032021450104, 1
0.8752640447388542, 1
0.8880875641833693, 1
0.8850724629198451, 1
0.8837294788504365, 0
0.8809499706664672, 1
0.7931960709561997, 1
0.8751460312502458, 0
0.8495582653017922, 1
0.8517449063019955, 0
0.8517322757861788, 1
0.8834004305618075, 0
0.8747850308285182, 1
0.8781500614471688, 0
0.8727390776414596, 1
0.8647788975926399, 0
0.8454663897049084, 1
0.8887635261098537, 1
0.8088542352664937, 0
0.888352675578268, 0
0.8569675486188013, 0
0.8928583257039487, 1
0.8373692654063896, 0
0.8289819453140743, 1
0.880960189442479, 1
0.8572244008393531, 0
0.8804518526250217, 1
0.8872800554934298, 1
0.8790798906383637, 0
0.8792020482285866, 0
0.87761990913306, 1
0.8789484497521948, 0
0.8801486444582707, 0
0.862856607269971, 1
0.8883485767712624, 1
0.8911023761672524, 0
0.8911396083764429, 1
0.8693639911751997, 1
0.8647666442136159, 1
0.882679160950411, 1
0.8758504346716501, 0
0.8799765746428302, 1
0.883581961279909, 0
0.8792363776935479, 0
0.8426113912103382, 1
0.8835233621144422, 1
0.8770253715701337, 0
0.8184717326150883, 1
0.8897292878824223, 0
0.8736868816633725, 0
0.8825802718432618, 0
0.8893808374232793, 0
0.8867296311195453, 1
0.8773538149266245, 1
0.8297419969887397, 1
0.8823560662991052, 0
0.8900976624062218, 1
0.8857163793538958, 1
0.8465383127243674, 1
0.8660472120656267, 1
0.887022383943838, 0
0.8797323978017378, 0
0.8874873748228209, 1
0.8719203197083395, 0
0.8688118753415157, 0
0.8354967075350674, 1
0.8477783272108081, 0
0.8734697756949755, 1
0.8465803858699834, 0
0.8802304330584177, 1
0.8813654430910155, 0
0.8876953853088934, 1
0.8528633624326916, 0
0.8792373899394224, 1
0.8866797324681304, 0
0.8788674860244015, 0
0.8899262857725085, 0
0.8857201153564379, 0
0.875491813179565, 1
0.8502224557260453, 0
0.8612585858069897, 1
0.8768095466185176, 0
0.8380329598537893, 0
0.8773554608397833, 0
0.8879312754768296, 0
0.8800889390695942, 1
0.8938311752618312, 0
0.8719719338146552, 1
0.8856671568207142, 1
0.8687626748577845, 0
0.8909289082232739, 0
0.8922454883896626, 0
0.8502541838382884, 1
0.8832666017328321, 0
0.8639176902627529, 1
0.8270830847949115, 0
0.8802273278052449, 1
0.8840332873174019, 1
0.8744079364885726, 1
0.8460159306782004, 0
0.8756642043913647, 0
0.8786595478604549, 1
0.8540512593218281, 1
0.8491322254648651, 0
0.8880364460849502, 1
0.88224177035147, 1
0.8803293861637046, 0
0.879618393324593, 1
0.8827043079968533, 0
0.8580479146187041, 1
0.8953496805537826, 0
0.877963079945307, 0
0.8766578721856237, 0
0.8635357883812317, 0
0.8744883682751671, 1
0.8693122742425734, 1
0.8473311889628377, 1
0.8876451492400175, 0
0.8865294905091996, 0
0.8785944937529826, 0
0.8860642741039249, 0
0.8690649982500991, 1
0.8819773238054266, 0
0.868651429841365, 1
0.8424706463541614, 1
0.8490419342360659, 0
0.8821316672834912, 0
0.8720043977534366, 0
0.8727533884017364, 0
0.8948014798097961, 0
0.8619892682321648, 1
0.8814583262076052, 0
0.8529652979419275, 1
0.8539927227957189, 1
0.8227128108760535, 0
0.886291855643773, 0
0.8912402170043026, 0
0.862378820849646, 0
0.886672392854679, 1
0.8385198388940662, 1
0.8115709885553701, 1
0.8807666611864077, 1
0.8877843416654331, 1
0.887530697685474, 0
0.8791762062345575, 0
0.8654143404624878, 0
0.8913035843993498, 0
0.8787918584622179, 1
0.833283140964045, 1
0.8730396823647962, 0
0.8192144319531174, 0
0.878063745138911, 1
0.8776238615472199, 1
0.8441911486457409, 1
0.8919583408574203, 0
0.877774101726473, 0
0.8665665073557229, 0
0.8692224789459458, 0
0.83508882042221, 1
0.8849770521093527, 1
0.879921476745053, 1
0.8857427710622154, 1
0.889593494002016, 0
0.8711535847122633, 1
0.8716651752697341, 1
0.8463242878972292, 1
0.8829605596922947, 1
0.8746021114853707, 0
0.8625324857321978, 1
0.8890440601400175, 0
0.8495098988739294, 1
0.8827946090265513, 1
0.8877761732478211, 0
0.8832083381343162, 1
0.8679743795630307, 1
0.8876820564558144, 1
0.8461875810178127, 1
0.8847783785901749, 0
0.849755241454524, 0
0.8629579489004005, 0
0.8601421797261399, 0
0.8815256705906496, 0
0.8697526496498955, 1
0.883242689786044, 1
0.8733195023943296, 1
0.8775968714327818, 0
0.865325688455825, 1
0.8280922462646131, 0
0.8770916733427313, 1
0.876964482506501, 1
0.81341213651429, 0
0.8713981984627641, 1
0.8831947920345837, 1
0.87315209619594, 1
0.8645584811254909, 1
0.8681197608125159, 1
0.8553453817586686, 0
0.8838961222670166, 1
0.8913134319304122, 0
0.8857201153564379, 0
0.8805306815912514, 0
0.8895468334920031, 0
0.8902266637318091, 0
0.8891666427494562, 0
0.8867991571081961, 0
0.8832608098768293, 0
0.8191245780683495, 0
0.8625052792872852, 0
0.8826097042449439, 0
0.8880553414419476, 0
0.8368252368733027, 1
0.8510302687849888, 0
0.8615279234028803, 1
0.8698268343359553, 1
0.8311787452683692, 1
0.8693154339063146, 0
0.8794161418871121, 1
0.888556572542888, 1
0.8609070604438831, 1
0.8722834040184956, 0
0.8907055820910666, 0
0.8904826793481772, 0
0.8608921817720719, 1
0.7931960709561997, 1
0.857949157667537, 1
0.8775536098609426, 0
0.8803149673780294, 0
0.8671040537366953, 0
0.8792442091130275, 1
0.887022383943838, 0
0.8709510515445538, 0
0.8871506516264677, 0
0.836828512893542, 1
0.8768904024267443, 0
0.8777658611723794, 0
0.8909594114686679, 1
0.8819374027041752, 1
0.8782273325940779, 1
0.8778848044018337, 1
0.8824291995554743, 0
0.8592888605026445, 1
0.8887322484417642, 1
0.8740130726988569, 1
0.8598688324376641, 1
0.8780253333312315, 0
0.8396025196334679, 0
0.8791563749682042, 0
0.8894606462955609, 0
0.7996489286811512, 1
0.8888567050073808, 0
0.8815392606071891, 0
0.8819134467029128, 0
0.813636946494205, 1

Error actual: 0.39089183405579364
0.8569896805497668, 0
0.8692793457289582, 0
0.8422672314013052, 0
0.8313162663358327, 0
0.8570911415485581, 1
0.856706275837536, 1
0.8589923172931381, 0
0.8357474983315697, 0
0.8624452602924558, 1
0.8152692919730519, 1
0.8081326624122318, 0
0.8547709296721031, 1
0.807326271016701, 0
0.8317469339814173, 0
0.8556312238549124, 1
0.863481760968654, 1
0.8620943945611452, 1
0.838286191847835, 1
0.8430611889586754, 0
0.7962739238075817, 1
0.8074638202066167, 0
0.8597860883445922, 0
0.8189538336651934, 0
0.8577232256287683, 1
0.8416899963061536, 0
0.8583505485554317, 1
0.8581099969756669, 1
0.807520465279848, 0
0.8358576164853211, 0
0.8396585128704572, 1
0.8584392729100455, 1
0.8022233193160483, 1
0.8311446527453535, 0
0.8514229105441226, 0
0.8564650504818188, 0
0.7907670492618347, 0
0.8414035376564268, 1
0.8561808909001811, 1
0.8667029570164397, 0
0.8115932010244385, 1
0.8252001166322807, 0
0.8153153961215706, 0
0.8618796690070134, 1
0.8536496449004718, 0
0.8111693011155156, 0
0.8555529897721386, 1
0.8262526586338292, 1
0.8326424077195997, 0
0.8536534743381254, 1
0.8281574587039741, 1
0.8558967834818155, 1
0.8597163720439474, 1
0.8639918997830596, 1
0.8728542167354819, 1
0.8377325559642497, 1
0.8403388090832834, 1
0.8028851999163491, 1
0.8619325452467251, 1
0.8293194768546281, 1
0.8303386038124023, 1
0.8739540966282943, 1
0.8318371242258797, 1
0.8156093925167684, 0
0.8395135653359983, 0
0.8618796690070134, 1
0.8571574854295342, 1
0.8658435507124672, 1
0.7713012023504945, 0
0.854579449014641, 0
0.8532777940678249, 1
0.8295372110334773, 1
0.8635198764022796, 1
0.838494247749926, 1
0.8261509752502412, 0
0.8591559196897598, 0
0.8685880806374894, 1
0.8306058826508023, 0
0.8222484071917957, 0
0.8629280307809071, 1
0.8583505485554317, 1
0.8165924577639074, 0
0.8453760789715488, 0
0.8629607157702429, 0
0.8360569837765728, 0
0.8343253192808014, 1
0.8281622449043772, 0
0.8606817542848345, 0
0.8610975899431436, 1
0.8249586905318982, 0
0.8433457246746251, 0
0.8464015339182144, 1
0.8634105788179836, 0
0.8267572431419076, 0
0.8609129284906648, 0
0.8581238472639088, 0
0.8511894534520877, 1
0.8200186916160559, 1
0.8520175048847612, 0
0.8668127629095268, 0
0.8330918328507153, 1
0.8712302868464723, 1
0.8600954933461789, 1
0.857954216669395, 0
0.8253649713035834, 0
0.8651734499988303, 1
0.8228783491727382, 0
0.8262987601620384, 0
0.8298528401371572, 0
0.8266182727889031, 0
0.8509597412219426, 1
0.8311067137340028, 0
0.8119094507487191, 0
0.8535214482852052, 0
0.8680306691356868, 0
0.8572062839483515, 1
0.8475607842102311, 1
0.835105953209481, 0
0.8399927746064629, 1
0.8373068768617713, 0
0.8556606102400551, 1
0.8275508987524153, 0
0.8641111227728271, 1
0.852374808956421, 1
0.8524845218675473, 0
0.8462478289033265, 1
0.8565555910339545, 0
0.8547861745435773, 1
0.8399937056281929, 0
0.8238602202455075, 1
0.8053734879232226, 0
0.8242696698789754, 0
0.8123480454207798, 0
0.8249652900182908, 1
0.8354165109614573, 1
0.8316965306025026, 0
0.8541992380913691, 1
0.8660723762946667, 1
0.8630552003328245, 0
0.852970413086924, 1
0.8508488036882014, 1
0.8567890123622272, 1
0.795117086244586, 0
0.802953545580991, 0
0.8273911438926562, 1
0.8610799382747608, 1
0.8314244855880994, 0
0.8292783628736916, 0
0.8439958549639783, 0
0.8049717824053723, 0
0.8049717824053723, 0
0.8599548997296065, 0
0.8156093925167684, 0
0.8760590753466311, 1
0.8326190544036575, 1
0.8120220298811287, 1
0.8358848251609354, 1
0.8452646472503191, 1
0.8428886338843705, 1
0.8338652358833102, 0
0.857214138360003, 1
0.7938299433305144, 1
0.8213907698984807, 0
0.8701200883475021, 1
0.8286336649223809, 0
0.8518780520000782, 1
0.8622593432225152, 0
0.8270191243646454, 1
0.8284562876439169, 0
0.8365084656742519, 1
0.8536496449004718, 0
0.8634376180389758, 1
0.8624951455307159, 1
0.8035174635265553, 0
0.8392238241384528, 0
0.8479178082163114, 0
0.8658289339612991, 1
0.846841982396768, 0
0.8481610224102046, 1
0.8627240654192112, 1
0.8265653812399809, 0
0.8595398025380546, 1
0.8405285849232083, 1
0.8314496105167895, 0
0.8287099445606383, 0
0.8602679516306777, 1
0.8370918037276943, 0
0.8317469339814173, 0
0.8269287954844938, 1
0.8425805116977337, 1
0.8383627041415619, 0
0.841224057127617, 1
0.8559677978372467, 1
0.8588842127098075, 1
0.8612496992790285, 1
0.8340593693211004, 0
0.8591690504279872, 1
0.8335941211941437, 0
0.8317027287569173, 0
0.8531742586059418, 1
0.8374672935992717, 1
0.8281659544518835, 0
0.7971026635652614, 1
0.8349786224425452, 0
0.8278004780245618, 0
0.8331270757638818, 0
0.8711207592080165, 0
0.8648483393241292, 1
0.8317183667350444, 1
0.8222262865227015, 1
0.8610045382235711, 0
0.8483408314194409, 1
0.8404861340333614, 1
0.8679659087369119, 1
0.8307984353162403, 1
0.8353188298694084, 0
0.826164933069346, 0
0.8397611404333185, 1
0.8236151482537802, 0
0.8564363698621553, 0
0.8490547209936694, 1
0.8524845218675473, 0
0.8168911961980764, 1
0.8506831729084566, 0
0.8613898623170693, 1
0.8243814762287096, 0
0.8390167140489978, 1
0.8595471803485165, 0
0.8431478616897525, 1
0.8634592501640828, 0
0.8311067137340028, 0
0.8622982638230459, 0
0.864077828860344, 0
0.8563793425670002, 1
0.8066584601359016, 0
0.853128072364423, 1
0.8566483331273633, 0
0.8495775711019042, 0
0.854736777998381, 0
0.8338790958125979, 0
0.8345268427522408, 1
0.8651446685333972, 0
0.8607342195135136, 1
0.8424291510801577, 1
0.8185893330855869, 0
0.8483022141420768, 0
0.8447132238715169, 0
0.8509197325800966, 1
0.8343528908589979, 0
0.8206424488128631, 1
0.8037722481675577, 0
0.858686670673225, 1
0.8370419155725687, 1
0.8320062900485429, 1
0.8053734879232226, 0
0.829150528817405, 0
0.8610454349268126, 1
0.8513101301356021, 1
0.8443212715047298, 0
0.8464559292426582, 1
0.8596706158599472, 1
0.8597564687518676, 0
0.8574783996678236, 1
0.8646455557519261, 0
0.8576506030686095, 1
0.8667713610276254, 0
0.8587163786186661, 0
0.8359535180236725, 0
0.8321210644573158, 0
0.859761198174406, 1
0.8194561612693231, 1
0.8542028264907847, 1
0.8343557698961143, 0
0.8402699142093993, 0
0.8592318962035969, 0
0.835768877141686, 0
0.8329106252825902, 1
0.8382736169985626, 0
0.8284961589599608, 1
0.8226622180346905, 1
0.8511972267705017, 0
0.8367234825100663, 0
0.8598564413342082, 0
0.8296773510635274, 0
0.8661893594625699, 0
0.82415311866629, 1
0.8353403013518987, 0
0.8483702857625658, 1
0.8572062839483515, 1
0.7994450668508173, 0
0.8596961714958703, 0
0.849000588694841, 0
0.8574512093216107, 0
0.8622031323097115, 1
0.8187563866258328, 1
0.8096889037554731, 1
0.8617959534726706, 1
0.8413181001565807, 1
0.8627749353033612, 0
0.831605352011729, 0
0.8592951543909132, 0
0.8388640043212684, 0
0.8611435508431982, 1
0.8153249373096247, 1
0.8268614901023261, 0
0.8103448659818688, 0
0.8597838350279217, 1
0.8587671138726589, 1
0.8491226043341471, 1
0.8654018973678036, 0
0.8574250798448275, 0
0.821245540571068, 0
0.8264856055799928, 0
0.8452561757209426, 1
0.8349067115528789, 1
0.8555355514849382, 1
0.840539809337729, 1
0.8366314030760886, 0
0.859513223519215, 1
0.8575530021335794, 1
0.8231695671026034, 1
0.8378430056434799, 1
0.821636404984472, 0
0.8510300719563124, 1
0.836390750594189, 0
0.8197862046519524, 1
0.8454586517659008, 1
0.8391791500150682, 0
0.8592235125174548, 1
0.8317780101786547, 1
0.8442751166881274, 1
0.8525344889142338, 1
0.8370864389153452, 0
0.8266324703579567, 0
0.8596793787479162, 0
0.8204849103068994, 0
0.862365268959875, 0
0.8255305938401669, 1
0.8605153514677338, 1
0.8607431739094793, 1
0.8275591199343281, 0
0.8598818265016008, 1
0.802953545580991, 0
0.8313172718436068, 1
0.860382892328378, 1
0.8132320445021731, 0
0.8277918457183436, 1
0.8598373358064216, 1
0.8302359272237733, 1
0.8577506341990287, 1
0.829189593186556, 1
0.8244921907686895, 0
0.8391609566046755, 1
0.8493314225983366, 0
0.864077828860344, 0
0.8357474983315697, 0
0.8417121071052995, 0
0.8391027686335312, 0
0.8377168795349669, 0
0.8607323381173072, 0
0.8611032416302995, 0
0.7995468355946049, 0
0.8139335500473446, 0
0.8331794420442628, 0
0.8352549218899674, 0
0.8499080095421959, 1
0.8517241624037342, 0
0.854265880545694, 1
0.835476831040668, 1
0.8449486359914076, 1
0.8575924055686931, 0
0.8363529985231434, 1
0.8452063745743648, 1
0.8563424343703119, 1
0.82577178326263, 0
0.8630595452824548, 0
0.8483405924484994, 0
0.8228237771579998, 1
0.7938299433305144, 1
0.8691858463753479, 1
0.8305156347189732, 0
0.8377299053543839, 0
0.8278600824589359, 0
0.8366511661345943, 1
0.8353188298694084, 0
0.82552486285072, 0
0.8624293902397372, 0
0.8476503572675296, 1
0.8235600098211499, 0
0.8588725453787553, 0
0.8652165448192497, 1
0.8610799382747608, 1
0.8592140014574216, 1
0.8582463150419443, 1
0.827097982106882, 0
0.8242139623442967, 1
0.8367501203642685, 1
0.8584695700605999, 1
0.8587754809190747, 1
0.8297548586635888, 0
0.8471864725703788, 0
0.8301036543794157, 0
0.8667029570164397, 0
0.7974566811158194, 1
0.8462798593429721, 0
0.832683774035868, 0
0.8360950070119829, 0
0.8134559568460727, 1

Error actual: 0.3712438987507143
0.8673516578010119, 0
0.882393026876049, 0
0.8644140769068196, 0
0.8497106955262754, 0
0.8617422506843564, 1
0.8669158744977985, 1
0.8697160393357313, 0
0.8514110891483184, 0
0.874988593537294, 1
0.8251880467915012, 1
0.8123422748022239, 0
0.8577106555489233, 1
0.8111378712500381, 0
0.8507925578184021, 0
0.8582677728521055, 1
0.8755613358495596, 1
0.8731883005681886, 1
0.8561219291910092, 1
0.8607661985548481, 0
0.802222235934282, 1
0.8139799494300634, 0
0.8671180277763606, 0
0.8279177742266802, 0
0.8610704988028473, 1
0.8602907232929623, 0
0.8638936438170115, 1
0.8687786519257195, 1
0.8117811070569066, 0
0.8538014578792732, 0
0.8563486261369251, 1
0.8641882900380423, 1
0.8048801911138, 1
0.8479488384596209, 0
0.8508249518390497, 0
0.8587966995604316, 0
0.793746898849304, 0
0.8586865923310368, 1
0.866072604136265, 1
0.8792889570755498, 0
0.8195926012455389, 1
0.842550137006285, 0
0.8228209941785584, 0
0.870856547423364, 1
0.8553719220389285, 0
0.816728425552241, 0
0.8579441990084857, 1
0.837843974359023, 1
0.8524027189681119, 0
0.8555101156866803, 1
0.8407501326591226, 1
0.8655548781685048, 1
0.8714035356049463, 1
0.8774603954225516, 1
0.8831125901336043, 1
0.8567456294124923, 1
0.855906716168995, 1
0.8116429326409799, 1
0.8745987510394979, 1
0.8421979234294307, 1
0.851032249672269, 1
0.8861896926811015, 1
0.8527508319370398, 1
0.8251241622786062, 0
0.8569324028555254, 0
0.870856547423364, 1
0.859915324982883, 1
0.8784410348028274, 1
0.7866249432062333, 0
0.8636633665355641, 0
0.8537741541622891, 1
0.8421200325191973, 1
0.875665320734134, 1
0.8585297759387381, 1
0.8380940573266503, 0
0.8661554080816026, 0
0.8702306644444808, 1
0.8472785310982314, 0
0.832722810196439, 0
0.8745252788300334, 1
0.8638936438170115, 1
0.825831403847477, 0
0.84039792129437, 0
0.8725318576432202, 0
0.8563505440632357, 0
0.8492733671676013, 1
0.8476385759227764, 0
0.8701967676665968, 0
0.8689335376017878, 1
0.8435398035340783, 0
0.8619684515537901, 0
0.8413087903605855, 1
0.8754506320958547, 0
0.8458485981118192, 0
0.86916860014733, 0
0.8642238750188896, 0
0.8510676363675993, 1
0.8292657025417557, 1
0.85115561406039, 0
0.8800476497423904, 0
0.8539762558503027, 1
0.8814008834476961, 1
0.8558393203857436, 0
0.8353819031943204, 0
0.8249802213202806, 1
0.7977127657770338, 1
0.8534787930856405, 0
0.8523947216004857, 1
0.8495533513351037, 0
0.8359355120422418, 0
0.7960782918072773, 0
0.8539437648491816, 0
0.8638678880746301, 1
0.8569349055549855, 1
0.8774554981411704, 1
0.8672304054368151, 1
0.8721931668422378, 0
0.8352434875428468, 0
0.8165107745837009, 0
0.8682321399488996, 1
0.861410464823571, 1
0.8520812440787486, 1
0.8868685985847788, 1
0.8302049424934002, 0
0.8744540833255421, 0
0.8516117386740226, 1
0.8549062354933408, 1
0.8560164222299008, 1
0.8602197002407526, 0
0.8561460818463389, 0
0.8539112294904735, 0
0.832639361071579, 1
0.8165107745837009, 0
0.8111765303164596, 0
0.8552167991493234, 1
0.863902414831731, 1
0.8589256944596722, 0
0.8460620291290913, 0
0.8455060435592315, 1
0.8717317593073528, 0
0.8703108267140237, 0
0.8801241546467529, 1
0.8718038984549871, 0
0.8382382078732578, 0
0.8458733615038336, 1
0.8693313207353889, 1
0.8705336143548287, 1
0.8359636033996809, 1
0.8512967630192315, 0
0.8464657418567566, 1
0.8731675205382595, 1
0.8475713782650904, 1
0.8610202857993302, 1
0.868603220271789, 1
0.8667386583583088, 0
0.8700937180275564, 0
0.8494573404369139, 0
0.8706354156412677, 0
0.8314257073093789, 1
0.8432630598032884, 1
0.8741122183350559, 1
0.8540761575881726, 0
0.8385252761057935, 1
0.8471353279456676, 1
0.7887302352645817, 0
0.8737815035430531, 1
0.864262560878962, 1
0.8581019454671458, 1
0.8355579035803548, 1
0.832722810196439, 0
0.8642689572305959, 0
0.8500924929892989, 1
0.8727745082886217, 1
0.8394947665464941, 1
0.8377551247507445, 0
0.8708624421553002, 0
0.825831403847477, 0
0.8582622076136622, 0
0.8539493290577578, 1
0.8702332946795908, 1
0.8021503471200093, 0
0.8584670065717824, 1
0.8642512261453723, 1
0.8605965535149618, 1
0.8554191104292184, 0
0.855661379445495, 0
0.8586459116025298, 0
0.8846974767937125, 1
0.8521344882287746, 0
0.8630875941289062, 1
0.8741579106190115, 0
0.8358501068299297, 0
0.8418644534774501, 1
0.8721931668422378, 0
0.8650595678422418, 0
0.8614847387949603, 0
0.850820621105608, 1
0.8688531832197379, 0
0.8760631052427821, 1
0.8281053689191925, 0
0.8485578877563412, 1
0.8615516186692903, 1
0.8385252761057935, 1
0.8505401098971399, 0
0.8467789726650429, 0
0.8519640971272647, 0
0.8790841214774416, 0
0.8781077162568515, 1
0.8514861091792827, 1
0.8328416105182259, 1
0.8689034449992404, 0
0.8670378974798673, 1
0.8574864666492514, 1
0.8665718562377173, 1
0.8441023061912012, 1
0.8531347251433876, 0
0.8378871047443749, 0
0.8594991780880927, 1
0.8412189466161564, 0
0.860163100764983, 0
0.8456287269845525, 1
0.8517256890590689, 0
0.8248953674629071, 1
0.8489772087812226, 0
0.8731864502380977, 1
0.8347126574220537, 0
0.858308218986208, 1
0.8710186032864681, 0
0.8658889187869936, 1
0.8758199622964463, 0
0.850248909772613, 0
0.8716420634201164, 0
0.8769898234271717, 0
0.8608540849696898, 1
0.8103079915937788, 0
0.8541848038022359, 1
0.8614165380805879, 0
0.8465893726471417, 0
0.8581609219368671, 0
0.8503005554825733, 0
0.8547230611885808, 1
0.8771752150254538, 0
0.8727665468842425, 1
0.8638649759093283, 1
0.827509182303702, 0
0.8666731873346806, 0
0.8639240933124703, 0
0.8496777594265742, 1
0.8534804765304004, 0
0.83052504591913, 1
0.8076848259728089, 0
0.8650641235205984, 1
0.8570417118701099, 1
0.8524605686345301, 1
0.8085634275955063, 0
0.8482686043433145, 0
0.8727805535847409, 1
0.8506338176262163, 1
0.8387709065435445, 0
0.8666217629126292, 1
0.8668447627374072, 1
0.870327029286453, 0
0.8630274870246207, 1
0.8781405490164732, 0
0.8683795799290023, 1
0.8797147624149394, 0
0.868823254042386, 0
0.8513660054807145, 0
0.8454310860119277, 0
0.8710350832405179, 1
0.8287631221877315, 1
0.8540277380774169, 1
0.8512517605432464, 0
0.8570117033199558, 0
0.8696528017936586, 0
0.8543361186286572, 0
0.8543297583565606, 1
0.8546896168976352, 0
0.8413796821652765, 1
0.833222773026567, 1
0.8499814860369824, 0
0.8527035701264722, 0
0.8713752474869898, 0
0.8495533513351037, 0
0.8788214234254372, 0
0.8432634637644635, 1
0.8554789278144358, 0
0.845817317512403, 1
0.8677081912477438, 1
0.8015068905750011, 0
0.8671271554211801, 0
0.8675060876953489, 0
0.86062988312001, 0
0.8712815971440578, 1
0.828322296419911, 1
0.8184991078066597, 1
0.8738067855091581, 1
0.8594535435641228, 1
0.8744540833255421, 0
0.8508711675676663, 0
0.8707760903190878, 0
0.8553851205309019, 0
0.8729306594143323, 1
0.8239896151883221, 1
0.845584502429491, 0
0.8183838216623688, 0
0.8664608485017775, 1
0.8648798853682357, 1
0.8464133872367049, 1
0.8766473916802349, 0
0.8627801383053689, 0
0.8387252174651064, 0
0.8456814982466927, 0
0.839868584971679, 1
0.8535799367055316, 1
0.8596478182200126, 1
0.857555176677897, 1
0.8533562090614377, 0
0.8649070457683558, 1
0.8622248763206549, 1
0.8338610163287262, 1
0.8585018251389617, 1
0.8317701246794132, 0
0.8508889405837552, 1
0.8534220379052755, 0
0.8294292690154009, 1
0.8681437173691559, 1
0.8585050236235539, 0
0.8662024979904613, 1
0.845452318379861, 1
0.8637498572523056, 1
0.8516117386740226, 1
0.8568280091313295, 0
0.8381402058872371, 0
0.8713925189931232, 0
0.8303114215648731, 0
0.8746675258635818, 0
0.8442758925164489, 1
0.8711960197327854, 1
0.8727111268050859, 1
0.8455350839799385, 0
0.8642732219069286, 1
0.8063118604542834, 0
0.8509864502813055, 1
0.867130301400087, 1
0.8229935639660557, 0
0.847167953610435, 1
0.8672062303491201, 1
0.850254815308394, 1
0.8683772080238341, 1
0.8422462899920861, 1
0.8356729146812193, 0
0.855861835585619, 1
0.8708624421553002, 0
0.8769898234271717, 0
0.8514110891483184, 0
0.8612546755033779, 0
0.8567806958949908, 0
0.8554191104292184, 0
0.8689286330673824, 0
0.8691799470032836, 0
0.8021503471200093, 0
0.8207858689295917, 0
0.852029039327055, 0
0.8523686670683043, 0
0.8469547937210687, 1
0.8590138613868097, 0
0.8559659065292067, 1
0.8575103214246441, 1
0.8392469495833652, 1
0.8619345910160382, 0
0.8573704812578207, 1
0.8665768493457162, 1
0.8662540100284529, 1
0.8441929074035175, 0
0.8741736628905324, 0
0.866952973143106, 0
0.8415238068486377, 1
0.7984518503768104, 1
0.8708853322324126, 1
0.8497529268269912, 0
0.8590112887739665, 0
0.840472521699632, 0
0.8524762121074663, 1
0.8531347251433876, 0
0.8440783500808002, 0
0.8739066105510449, 0
0.8436567597564348, 1
0.8344204038212683, 0
0.8650595678422418, 0
0.8780667346273789, 1
0.8724282711776313, 1
0.8656399156434192, 1
0.8641058533577275, 1
0.838466086795102, 0
0.8354015720079343, 1
0.8542231031563033, 1
0.8688901949709398, 1
0.8700644548509512, 1
0.8485550891174626, 0
0.8431128594175188, 0
0.8487381027090093, 0
0.8792889570755498, 0
0.8025704488337239, 1
0.8646325826375508, 0
0.8516913952689589, 0
0.8563966593316991, 0
0.8232559603716472, 1

Error actual: 0.3759570269959373
0.8764669581125698, 0
0.8926087410191835, 0
0.8711659509267586, 0
0.8480276301348588, 0
0.8723650402926255, 1
0.8759488238328872, 1
0.8778866894205551, 0
0.8538184010406527, 0
0.8839724894038313, 1
0.835056427558234, 1
0.8015477546431837, 0
0.8669687142283662, 1
0.7994356006781401, 0
0.8501043316421425, 0
0.8711984500779134, 1
0.8842640142128594, 1
0.8815371829585461, 1
0.8572864479622153, 1
0.8655940371959117, 0
0.7984322163797921, 1
0.8109870289792198, 0
0.8760626272048498, 0
0.8169111820521002, 0
0.8763171037784816, 1
0.863608952770084, 0
0.8751168302629111, 1
0.8772636364900022, 1
0.8040780142698244, 0
0.85381681664659, 0
0.8624800588194333, 1
0.8749994844740363, 1
0.7975263950978844, 1
0.8446023719002858, 0
0.8624656195549595, 0
0.8741245359391577, 0
0.7860272788096293, 0
0.8619552895160816, 1
0.8764559919453905, 1
0.8901771081677768, 0
0.8234229170794475, 1
0.8371218196018726, 0
0.8152546301634648, 0
0.8797454565628862, 1
0.8655610577104368, 0
0.8056666613405383, 0
0.8713599079910722, 1
0.8469037897702886, 1
0.8530429431359041, 0
0.8651360303297654, 1
0.8462314822045891, 1
0.8738624327152434, 1
0.8807768711951413, 1
0.8870565786677388, 1
0.892748899521251, 1
0.85854007174256, 1
0.868252890316202, 1
0.8136398039892737, 1
0.8841243935786677, 1
0.8491663895974391, 1
0.8534682771340081, 1
0.8942209081026601, 1
0.8556473482268852, 1
0.8337465528248768, 0
0.8584628965776602, 0
0.8797454565628862, 1
0.8754778732024678, 1
0.8873333515323871, 1
0.7837384262911565, 0
0.8724946086965539, 0
0.8671136692873475, 1
0.8519719642596255, 1
0.8868116908451633, 1
0.8615994396845775, 1
0.8304682594607669, 0
0.8735553991184156, 0
0.8837600159182195, 1
0.8435375791653532, 0
0.8428748017798896, 0
0.883085435689289, 1
0.8751168302629111, 1
0.832984491497106, 0
0.8480335941189263, 0
0.8824300789854225, 0
0.8588324918962176, 0
0.8546628463657301, 1
0.846859653704131, 0
0.8778456647896847, 0
0.8799452584734531, 1
0.8405060366864845, 0
0.8660548382220805, 0
0.8558645973224844, 1
0.8841412964219724, 0
0.8440923166935134, 0
0.877942099217898, 0
0.8722082684510382, 0
0.8595181486431716, 1
0.8166733302804193, 1
0.8654619974052148, 0
0.8889321054340678, 0
0.8567992040638097, 1
0.8904902831736919, 1
0.8721652550131018, 0
0.84170177788393, 0
0.8343316635062882, 1
0.7909155941425026, 1
0.860204706664656, 0
0.8544379795758772, 1
0.8498018975621903, 0
0.8290573965041025, 0
0.7888188077822342, 0
0.8539686819522885, 0
0.8722246724830396, 1
0.8599100798325551, 1
0.8885386043663193, 1
0.8787475297075467, 1
0.8803527360328429, 0
0.8462201559705337, 0
0.8077105399387075, 0
0.8774974738709482, 1
0.8729978594374804, 1
0.8527967248284035, 1
0.8946641721269782, 1
0.8388797492077552, 0
0.8830208875809199, 0
0.867296998528762, 1
0.8680034961221933, 1
0.8579643667386432, 1
0.8656005811785284, 0
0.869032403413817, 0
0.8537876246788678, 0
0.8408649988413436, 1
0.8077105399387075, 0
0.8063269204027141, 0
0.8560125219661391, 1
0.8741480626856903, 1
0.8686254592216667, 0
0.8484017874978659, 0
0.8613347833649354, 1
0.8797944704908399, 0
0.8790844587144439, 0
0.8895717777383315, 1
0.8797371805733049, 0
0.8424102451466501, 0
0.8448781482347861, 1
0.8792598156480949, 1
0.8790078318974687, 1
0.8485743170375748, 1
0.8498244775961734, 0
0.857632125501636, 1
0.8821272493981774, 1
0.8598674297948944, 1
0.873037762818232, 1
0.880076862021316, 1
0.8728446096438013, 0
0.8798283983224929, 0
0.8471909589817918, 0
0.8806274953957779, 0
0.8425277064661657, 1
0.8417153379828443, 1
0.8826059158834684, 1
0.8558377024097542, 0
0.8505287948111714, 1
0.861804823161549, 1
0.7790761381842191, 0
0.8823428305402208, 1
0.870928115699804, 1
0.8602741947921099, 1
0.8479395629523768, 1
0.8428748017798896, 0
0.8785218281010057, 0
0.8506262388185201, 1
0.8820249704300119, 1
0.8500827820281319, 1
0.8474625649255363, 0
0.8787169704873672, 0
0.832984491497106, 0
0.8604732297821507, 0
0.8551898527914167, 1
0.8796452092232974, 1
0.7956034232793125, 0
0.8697297966057133, 1
0.8701438784213397, 1
0.8741329875840748, 1
0.8562026924589791, 0
0.8577931962232551, 0
0.8640757112976338, 0
0.8931440130878152, 1
0.8510861904981136, 0
0.87050926565821, 1
0.883059044029888, 0
0.8458741109601225, 0
0.8509160082337531, 1
0.8803527360328429, 0
0.8756247445938817, 0
0.8736255973269396, 0
0.8524111716484579, 1
0.8757408509702752, 0
0.8848335995708335, 1
0.8166177233333504, 0
0.8643854313609145, 1
0.8721166655474197, 1
0.8505287948111714, 1
0.8808194829563621, 1
0.8718007078128036, 0
0.8262732547883118, 0
0.8872873272085781, 1
0.8276286458094749, 0
0.8341670789285273, 0
0.8426596014333672, 0
0.8444608825635533, 0
0.8793488841793237, 1
0.8494768286907776, 0
0.8240805829646001, 0
0.867651700609254, 0
0.890499204626821, 0
0.8775559015009794, 1
0.8740229060197081, 1
0.8559274061578731, 0
0.8586319850391974, 1
0.8583159407283059, 0
0.8748060751364684, 1
0.8395856184456623, 0
0.8839955757798756, 1
0.8665700622413574, 1
0.8668423218206089, 0
0.8703038902295438, 1
0.8725304637211773, 0
0.8682283499563183, 1
0.8621458802904437, 0
0.8428529927635414, 1
0.7992211480503465, 0
0.84170177788393, 0
0.8285919896555831, 0
0.8456462909964949, 1
0.8553421050664942, 1
0.8525639497535992, 0
0.8680438227740083, 1
0.8891714863481502, 1
0.8816854792319712, 0
0.8643727926870279, 1
0.866128530917705, 1
0.8730299077782525, 1
0.7910186925243051, 0
0.80032119657058, 0
0.8459833238774795, 1
0.8808193282438566, 1
0.8494773096834328, 0
0.8446327603797593, 0
0.8700267091086534, 0
0.8009762440285673, 0
0.8009762440285673, 0
0.8811715886069673, 0
0.8337465528248768, 0
0.896734690486788, 1
0.8505712318270822, 1
0.8286353437588372, 1
0.8648851235055647, 1
0.8685773696553967, 1
0.8667774042064692, 1
0.852375181844371, 0
0.8695737528427514, 1
0.7927387332836351, 1
0.8212416236312612, 0
0.8886170897017325, 1
0.8530772151172963, 0
0.864365833222504, 1
0.8829297189463838, 0
0.8363837148949759, 1
0.8436320800363731, 0
0.8614307925133591, 1
0.8655610577104368, 0
0.88868602005098, 1
0.8820604506919647, 1
0.8095846578509405, 0
0.8607396432142379, 0
0.8510348990973466, 0
0.8875980283986957, 1
0.8544620146211546, 0
0.8601737986559906, 1
0.8842518678123579, 1
0.8462689126170599, 0
0.8764552492183034, 1
0.8646781506518135, 1
0.8501427086348039, 0
0.8435045353647495, 0
0.8800283104353651, 1
0.8628060395667088, 0
0.8501043316421425, 0
0.8444149040173297, 1
0.8681797364748263, 1
0.8551028788478124, 0
0.8622182115985825, 1
0.8705495210661778, 1
0.8793649516774565, 1
0.8800030169325967, 1
0.8579927159369346, 0
0.8756486633988516, 1
0.8518517899035565, 0
0.8506328193472833, 0
0.8709936668545272, 1
0.8608357405045819, 1
0.843689166041927, 0
0.7902222515280077, 1
0.8430121293111843, 0
0.8223129568650945, 0
0.87781964378328, 1
0.8753973430096254, 1
0.8588786028095384, 1
0.886331805130481, 0
0.8716872185753353, 0
0.8330022160623536, 0
0.844198510450497, 0
0.8506409530809591, 1
0.8537774796540446, 1
0.8647651095171499, 1
0.859710456081306, 1
0.8529335952290933, 0
0.8787730077724273, 1
0.8740313465845413, 1
0.8427767308003231, 1
0.8620404356705016, 1
0.822380038791135, 0
0.8585969807191339, 1
0.8530613507022329, 0
0.833197944498027, 1
0.8763799080428367, 1
0.8612084609123356, 0
0.8744409422305915, 1
0.8533094515058888, 1
0.8744854040870087, 1
0.867296998528762, 1
0.8590388410482896, 0
0.8494084233437716, 0
0.8810921635304798, 0
0.8296274489289623, 0
0.8834905966350952, 0
0.8416509976422268, 1
0.8792432241444723, 1
0.8817184090063951, 1
0.8418452832682942, 0
0.880469959454306, 1
0.80032119657058, 0
0.8511139401493454, 1
0.8795047981101453, 1
0.8317272370062471, 0
0.8461334496157199, 1
0.8761772616823236, 1
0.8508740343147639, 1
0.8771071492667544, 1
0.8470074479384694, 1
0.8421498335923688, 0
0.8587599988461017, 1
0.8787169704873672, 0
0.885910209038025, 0
0.8538184010406527, 0
0.8652174829481601, 0
0.8582580135788777, 0
0.8562026924589791, 0
0.8769142678081924, 0
0.8794567092018195, 0
0.7956034232793125, 0
0.8117795547688482, 0
0.8516568291342516, 0
0.8514534043945946, 0
0.8627719602501318, 1
0.8659540700448286, 0
0.868193699320334, 1
0.8635392179529499, 1
0.8509916278886979, 1
0.8747168872067712, 0
0.8609994246486027, 1
0.8732138695792234, 1
0.8747250780290272, 1
0.8408356418872295, 0
0.8826643640877885, 0
0.8721250444598012, 0
0.8395172134786552, 1
0.7927387332836351, 1
0.8859115148045384, 1
0.848946206123618, 0
0.8633942754471108, 0
0.8443165429942766, 0
0.8573885184730738, 1
0.8527770832368141, 0
0.8409894711922178, 0
0.88239347315085, 0
0.8568538827237082, 1
0.8250698016250126, 0
0.8756247445938817, 0
0.8869373439892796, 1
0.8808193282438566, 1
0.8763543353362141, 1
0.8739278067128663, 1
0.8268032734580214, 0
0.83955693511672, 1
0.8543487989494962, 1
0.876873685953634, 1
0.8797980707957958, 1
0.8468318532195154, 0
0.8547746379124909, 0
0.8468910575948381, 0
0.8901771081677768, 0
0.7985811802182933, 1
0.8698988476323378, 0
0.8513071239267165, 0
0.8589018459703096, 0
0.8321679350670034, 1

Error actual: 0.36881537709947976
0.891707873127229, 0
0.9153899241273169, 0
0.902632230820994, 0
0.9036511910111412, 0
0.861463751537039, 1
0.8915146894995162, 1
0.899947111010615, 0
0.8762409638248579, 0
0.9018885835241642, 1
0.8016022733098448, 1
0.8491755052675298, 0
0.8588483837029098, 1
0.8505500895280225, 0
0.9027237592036401, 0
0.8491101096945479, 1
0.9064227074707768, 1
0.9062150461618762, 1
0.9080238572290144, 1
0.8850019584836034, 0
0.7848227681445648, 1
0.7386639199075485, 0
0.875326424104025, 0
0.8719988874702206, 0
0.8463050589205149, 1
0.9086357599715341, 0
0.8629513549234533, 1
0.8966334774179012, 1
0.8372183969725572, 0
0.9068318007619869, 0
0.8755068926888971, 1
0.8646965366862559, 1
0.8217908460482777, 1
0.9058793236055257, 0
0.8403860139325787, 0
0.8427430241836622, 0
0.7849538069916483, 0
0.8853940464730994, 1
0.8849394401353473, 1
0.9144943880589108, 0
0.8101861067818451, 1
0.9010555725194708, 0
0.8552808158399056, 0
0.881540874208689, 1
0.8522803111556172, 0
0.8564231044661084, 0
0.8471645912673407, 1
0.8377805510846302, 1
0.9018457302633708, 0
0.8540933922882953, 1
0.8522738761198951, 1
0.892791389996566, 1
0.8952962298635748, 1
0.8989879943529842, 1
0.8835988267149961, 1
0.9064148931559278, 1
0.8602859962875562, 1
0.785446894159548, 1
0.8975716179968122, 1
0.8511995518520428, 1
0.8957894196062751, 1
0.9116387556993005, 1
0.8970308655532312, 1
0.8072615128667587, 0
0.9088983747718354, 0
0.881540874208689, 1
0.8436786700328, 1
0.909273345909059, 1
0.7578071285368448, 0
0.888091521418948, 0
0.8406121916175567, 1
0.8438864499774089, 1
0.9130747211215297, 1
0.9052861771359485, 1
0.8783106582670033, 0
0.8787701844306512, 0
0.849635233396879, 1
0.9057673959513968, 0
0.8233007449451734, 0
0.9065853002174525, 1
0.8629513549234533, 1
0.8154824950778897, 0
0.8321260155799323, 0
0.8801827552239877, 0
0.9032513396147662, 0
0.8664257161817936, 1
0.8980775929621999, 0
0.9068310259620332, 0
0.8710117379236803, 1
0.8971132619655257, 0
0.9092405213711084, 0
0.8134619423422363, 1
0.9063898661920713, 0
0.8976579839835354, 0
0.8792423967330221, 0
0.8735771354548533, 0
0.8496169976720168, 1
0.8780720242520298, 1
0.8333189057583255, 0
0.9093640054387491, 0
0.8988403124673572, 1
0.8961241532208213, 1
0.8351963913604916, 0
0.8402811471935515, 0
0.8033613107860665, 1
0.7960218673383914, 1
0.8698866195979047, 0
0.8984623132955508, 1
0.8985245462671065, 0
0.873355649108323, 0
0.793382454758931, 0
0.9072850521640707, 0
0.8902016168355251, 1
0.9027872083173923, 1
0.8698933787973927, 1
0.8668824178653419, 1
0.9059448272775649, 0
0.8267120143632268, 0
0.8490093738056081, 0
0.8760300535826164, 1
0.8580261207637364, 1
0.9011464343300303, 1
0.9097129839488105, 1
0.8218618090916033, 0
0.9060976897677538, 0
0.8300622703353718, 1
0.8431998365706339, 1
0.9042972362045991, 1
0.8742126741271702, 0
0.8458452893586456, 0
0.9092013057145856, 0
0.8291123639662493, 1
0.8490093738056081, 0
0.8246209289522056, 0
0.907056797463901, 1
0.8660262506799381, 1
0.859615014127781, 0
0.8681556297427326, 0
0.8182472676290954, 1
0.9058209125906815, 0
0.897241545123062, 0
0.8925036223021852, 1
0.886772099932421, 0
0.8510595478273488, 0
0.8961126305067788, 1
0.8754110641312755, 1
0.8825599932798806, 1
0.8233186526076727, 1
0.9068722375567408, 0
0.8338351259968879, 1
0.8998537978644626, 1
0.8326724950698235, 1
0.8561211680156452, 1
0.8829654364486963, 1
0.9102339853017878, 0
0.877248885513919, 0
0.9051736082601403, 0
0.8913834369876661, 0
0.8167228147419724, 1
0.893780478497755, 1
0.9085740953391864, 1
0.9015732959511774, 0
0.8154483132563441, 1
0.8249290023342459, 1
0.7922638896581791, 0
0.9043708399183727, 1
0.8777302145718208, 1
0.9086948844235291, 1
0.8230683571187696, 1
0.8233007449451734, 0
0.8538350655583706, 0
0.8986501344008414, 1
0.897503949166904, 1
0.8218362036451432, 1
0.8358290704500915, 0
0.9075939916054843, 0
0.8154824950778897, 0
0.9094310174112914, 0
0.9027671838290804, 1
0.8786355102524244, 1
0.8101230598205195, 0
0.8543302847346005, 1
0.90536659289401, 1
0.8508652641819586, 1
0.9079196237164643, 0
0.9031124957669299, 0
0.8804832456006472, 0
0.9019202118288985, 1
0.907426586150162, 0
0.8989687675511049, 1
0.901568225566351, 0
0.8309163778908323, 0
0.8310237811626288, 1
0.9059448272775649, 0
0.8668113954480362, 0
0.8564576767621424, 0
0.8973280922884942, 1
0.9102114881628811, 0
0.9061046901620465, 1
0.873523973211482, 0
0.8241419177009475, 1
0.8613352425923942, 1
0.8154483132563441, 1
0.8978550068633578, 1
0.8734024188227285, 0
0.8829794898343333, 0
0.9063883515883856, 1
0.8679684261409552, 0
0.8713189217667799, 0
0.9051832429831085, 0
0.8968957381890721, 0
0.9096339601943949, 1
0.9020166327620653, 0
0.8103967409589301, 0
0.8409044999203032, 0
0.9101833783486735, 0
0.8889501324098043, 1
0.9093465951963696, 1
0.9040435656176575, 0
0.8859022241514402, 1
0.9059095865524387, 0
0.8878205882144781, 1
0.8657536492762806, 0
0.885130082183497, 1
0.89057676020642, 1
0.8319384949075849, 0
0.8887056475064473, 1
0.8538760159875624, 0
0.8535681583071484, 1
0.9072603876819019, 0
0.8341758837180436, 1
0.8378417963929172, 0
0.8402811471935515, 0
0.8014353880172821, 0
0.8330019914413126, 1
0.9050612706510192, 1
0.856347178338922, 0
0.8473817170261932, 1
0.9040302339479561, 1
0.885169364390744, 0
0.8496880079335168, 1
0.8146184664161432, 1
0.8541634153280456, 1
0.7960536100084468, 0
0.8182459401196222, 0
0.8971332344923533, 1
0.9033814492874663, 1
0.9026440403323165, 0
0.9026470259398763, 0
0.8778818706358092, 0
0.8296008447491173, 0
0.8296008447491173, 0
0.8954568402454428, 0
0.8072615128667587, 0
0.9149587632576093, 1
0.9039558774030337, 1
0.7994445958902076, 1
0.9118769455598379, 1
0.8882643096964009, 1
0.88124829882725, 1
0.9047166366615728, 0
0.8740979298358271, 1
0.785049265597826, 1
0.874649888155956, 0
0.8895326479413614, 1
0.8336896705043086, 0
0.8370376286460512, 1
0.9039802150267838, 0
0.8701857632572283, 1
0.9018987309879145, 0
0.8594542348884853, 1
0.8522803111556172, 0
0.908013778166625, 1
0.9067992769809781, 1
0.7975810718801806, 0
0.9071095201085131, 0
0.8463107422736441, 0
0.9086114986709101, 1
0.8236634941739689, 0
0.8134249857956084, 1
0.9026230474263539, 1
0.8418426542332146, 0
0.8706786778449734, 1
0.9061647939447203, 1
0.9021038748104305, 0
0.9025066064064575, 0
0.9012683020867616, 1
0.9012557055651108, 0
0.9027237592036401, 0
0.8496363544943899, 1
0.9065954428114557, 1
0.9093130066198326, 0
0.9088770359069599, 1
0.856715782948296, 1
0.8947400390678748, 1
0.8726767562042654, 1
0.8997873979070831, 0
0.8702573856316143, 1
0.9046558964920741, 0
0.9021681025360703, 0
0.8826365463907897, 1
0.9041013258866609, 1
0.9012569588539326, 0
0.8105399991496638, 1
0.908749437898644, 0
0.8993175715804881, 0
0.9040736741329246, 0
0.8841229161140345, 0
0.9053244515617581, 1
0.9010188430121038, 1
0.8118973865400034, 1
0.8723844638833536, 0
0.8916615281063929, 1
0.8861233286995673, 1
0.8329145148679024, 1
0.8521723281667473, 1
0.9067252082411044, 0
0.8821281440116032, 0
0.9064224847059336, 1
0.8987750024817597, 0
0.855509047374298, 0
0.8201673161443065, 1
0.8319384949075849, 0
0.8738512525636697, 1
0.8317676986788626, 0
0.9024554953826849, 1
0.8881045094926371, 0
0.9066763232664646, 1
0.8876498501619255, 0
0.9004355218413135, 1
0.9055408036542706, 0
0.9020166327620653, 0
0.8866813107540323, 0
0.9049195309100139, 0
0.8656126354146199, 1
0.8425602788685537, 0
0.8480071289436424, 1
0.8674949011039631, 0
0.822696013752797, 0
0.8702088502291293, 0
0.9075615648117107, 0
0.90232817690333, 1
0.909304935965035, 0
0.8982544369955964, 1
0.9047726079761957, 1
0.8640264082572486, 0
0.8961375607331218, 0
0.9091645774101738, 0
0.8359415316340333, 1
0.9043556421516517, 0
0.8548581511611315, 1
0.8167783808492128, 0
0.8712295596502099, 1
0.904491708772439, 1
0.8992009972899705, 1
0.8378417963929172, 0
0.9003257958116403, 0
0.9016929611433854, 1
0.8402596984479334, 1
0.8390469690071474, 0
0.9139121914718399, 1
0.8737767660810478, 1
0.9027178000120712, 0
0.8714383657153474, 1
0.9031722332718818, 0
0.891232353898996, 1
0.9099524155718676, 0
0.9016335234899208, 0
0.8673861991944307, 0
0.84754818644415, 0
0.8997288508113506, 1
0.8645041572808788, 1
0.8302466394287917, 1
0.9072921340843741, 0
0.8892839492300041, 0
0.9018957768109012, 0
0.9060093315886314, 0
0.8958330717170608, 1
0.8775529638102536, 0
0.8578614347251695, 1
0.8255351786923488, 1
0.8343082956842574, 0
0.8794489871989769, 0
0.8984242559564745, 0
0.8985245462671065, 0
0.9097192163153114, 0
0.8928959360758965, 1
0.9030757274676678, 0
0.8409992942278885, 1
0.8889501324098043, 1
0.8140039090213493, 0
0.8818533730616317, 0
0.8963952762735522, 0
0.8459330577089043, 0
0.8793289677816576, 1
0.8228010314483025, 1
0.7979314515334145, 1
0.9026734389279022, 1
0.9138243971882699, 1
0.9060976897677538, 0
0.9021434108037768, 0
0.8950139105680305, 0
0.9093947949285272, 0
0.9017468122014515, 1
0.8184915848867165, 1
0.7986369014962299, 1

Error actual: 0.38927887465000555
